篮球场 -264 -165 -268 -153 -268 -248 -210 -248 -210 -153
排球场 -260 -98 -268 -31 -217 -31 -217 -146 -268 -146
体育场 -390 -120 -398 -11 -434 -190 -350 -206 -270 -31
体育馆 -499 -112 -494 -40 -422 -53 -453 -148 -527 -149
机械楼 -90 52 -152 82 -44 82 -34 24 -152 24
建工楼 -95 120 -152 162 -50 162 -44 82 -152 82
汇文楼 -100 -140 -28 -26 -137 -26 -120 -200 -47 -200
数理楼 -90 -253 -36 -239 -107 -239 -98 -300 -31 -318
研究生食堂 -280 40 -227 10 -305 10 -305 61 -227 61
研究生公寓1号楼 -440 20 -385 10 -445 10 -445 40 -385 40
2号楼 -430 60 -385 50 -445 50 -445 80 -385 80
3号楼 -360 20 -315 10 -375 10 -375 40 -315 40
4号楼 -360 60 -315 50 -375 50 -375 80 -315 80
5号楼 -360 100 -315 90 -375 90 -375 120 -315 120
6号楼 -360 140 -315 130 -375 130 -375 160 -315 160
7号楼 -290 100 -245 90 -305 90 -305 120 -245 120
8号楼 -290 140 -245 130 -305 130 -305 160 -245 160
教师公寓5栋 -745 160  -658 143 -706 143 -699 166 -650 166
华士便利店 -585 250 -561 223 -592 230 -586 260 -554 253
11栋 -565 145  -542 128 -582 136 -577 159 -535 151
12栋 -590 200 -544 171 -605 191 -594 218 -533 197
13栋 -550 230 -526 212 -558 222 -551 252 -519 242
14栋 -535 288 -505 268 -573 285 -564 314 -498 300
10栋 -650 270 -610 248 -675 263 -670 287 -610 273
9栋 -670 230 -650 217 -681 216 -678 240 -647 241
8栋 -630 230 -614 217 -640 217 -636 236 -610 236
7栋 -680 195 -661 183 -693 183 -689 203 -657 203
6栋   -635 190 -620 180 -645 180 -641 199  -616 199  
4栋  -640 160 -621 143 -646 143 -639 166 -614 166
3栋  -690 120 -667 107 -712 107 -712 123 -667 123
2栋  -635 120 -609 113 -657 107 -655 123 -610 128
1栋  -640 90  -592 75 -664 68 -664 91 -594 96 
公寓J1 -150 270 -159 262 -159 278 -81 278 -81 262
公寓J2 -150 310 -159 301 -159 317 -81 317 -81 301
公寓J3 -150 350 -159 340 -159 356 -81 356 -81 340
草坪 455 100 450 19 492 19 492 239 398 239 
橄榄球场 430 290 391 249 492 249 492 375 391 375
化工实训楼 520 360 508 346 586 346 586 372 508 372
化工楼 545 280 509 251 592 251 592 322 509 322
材料楼 545 180 509 154 595 154 595 227 509 227
冶金楼 600 60 509 19 683 19 683 91 509 137
六食堂 350 60 330 25 408 25 408 80 330 80
风味餐厅 340 105 318 85 398 85 398 122 310 122
E栋 360 165 307 146 398 146 398 175 307 175
F栋 360 205 307 186 398 186 398 218 307 218
九食堂 310 260 270 235 376 235 376 290 270 290
ab栋篮球场 250 80 252 21 298 21 298 120 252 120
K1栋 270 310 252 300 355 300 355 328 252 328
K2栋 270 350 252 336 330 336 330 367 252 367
K3栋 270 390 252 376 308 376 308 406 252 406
逸夫楼 150 -280 139 -247 210 -247 210 -305 139 -305
图书馆 50 -80 63 -49 63 -112 168 -146 168 -49 
A栋 180 37 146 42 228 42 228 28 146 28
B栋 180 81 146 86 228 86 228 72 146 72
C栋 180 125 146 130 228 130 228 116 146 116
D栋 180 169 146 174 228 174 228 160 146 160
H1栋 185 233 156 240 212 240 212 226 156 226
H2栋 185 272 156 279 212 279 212 265 156 265
H3栋 185 311 156 318 212 318 212 304 156 304
L1栋 185 350 156 357 212 357 212 343 156 343
L2栋 185 389 156 396 212 396 212 382 156 382
朝鲜冷面 308 -55 308 -56 308 -67 314 -67 314 -56
珍奶会所 186 -5 185 0 185 -14 202 -14 202 0
杂粮煎饼 230 -150 227 -147 227 -166 249 -166 249 -147
盖浇饭 250 -190 242 -186  242 -204  276 -204 276 -186
麻辣烫 280 -190 276 -186  276 -204  297 -204 297 -186
三为书屋 250 -210 242 -205 242 -225 302 -225 302 -205
芝麻山庄 320 -140 315 -122 315 -188 358 -188 358 -122
菜鸟驿站 370 -90  360 -77 360 -121 398 -121 398 -77
二号楼 275 -160 269 -156 269 -166 303 -166 303 -156
三号楼 275 -92 269 -90 269 -100 303 -100 303 -90
四号楼 275 -70 269 -69 269 -77 303 -77 303 -69
六号楼 320 -66 315 -64 315 -73 349 -73 349 -64
七号楼 320 -35 315 -30 315 -46  368 -55  368 -30
九号楼  250 -240 242 -235 242 -250 302 -250 302 -235
鸟笼篮球场 500 -50 498 -29 498 -114 559 -114 559 -29
创新楼 575 -50 569 -43 569 -77 607 -77 607 -43
第一教学楼 390 -230 407 -167 375 -236 438 -280 477 -208
体育馆 592 -165 614 -201 677 -172 655 -136 592 -165
新大活 70 99 57 94 57 104 128 104 128 61
八食堂 70 153 49 133 70 178 118 178 118 133
G1栋 35 235 31 227 32 243 88 243 88 227
G2栋 50 275 45 266 46 285 104 285 104 266
G3栋 60 317 53 307 54 322 109 322 109 307
G4栋 60 353 54 346 55 360 110 360 110 346