机械楼 -90 52 -152 82 -44 82 -34 24 -152 24 
建工楼 -95 120 -152 162 -50 162 -44 82 -152 82 
汇文楼 -100 -140 -28 -26 -137 -26 -120 -200 -47 -200 
数理楼 -90 -253 -36 -239 -107 -239 -98 -300 -31 -318 
研究生公寓 -420 100 -227 10 -442 10 -442 169 -227 169 
体育场 -335 -115 -499 0 -530 -134 -220 -289 -220 0 
教师公寓 -671 107 -591 73 -730 73 -710 154 -627 154 
华士便利店 -558 232 -526 212 -592 230 -586 260 -519 242 
11栋 -561 142  -542 115 -582 127 -572 206 -525 200 
14栋 -535 288 -505 268 -573 285 -564 314 -498 300 
679栋 -671 220 -612 170 -704 170 -671 270 -605 254 
J1J2J3 -100 300 -169 357 -81 357 -81 262 -169 262 
草坪 455 100 450 19 492 19 492 239 398 239  
橄榄球场 430 290 391 249 492 249 492 367 391 367 
化工实训楼 520 360 509 351 581 351 581 379 509 379
化工楼 545 280 509 251 592 251 592 322 509 322 
材料楼 545 180 509 154 595 154 595 227 509 227 
冶金楼 600 60 509 19 683 19 683 91 509 137 
六食堂 350 60 330 25 408 25 408 80 330 80 
风味餐厅 340 105 318 85 398 85 398 122 310 122 
E栋 360 165 307 146 398 146 398 175 307 175 
F栋 360 205 307 186 398 186 398 218 307 218 
九食堂 310 260 270 235 376 235 376 290 270 290 
ab栋篮球场 250 80 252 21 298 21 298 120 252 120 
K1栋 270 310 252 296 355 296 355 328 252 328 
K2栋 270 350 252 336 330 336 330 367 252 367 
K3栋 270 390 252 376 308 376 308 406 252 406 
逸夫楼 150 -280 139 -247 222 -247 222 -305 139 -305 
图书馆 50 -80 44 -81 167 -81 167 -173 44 -130  
A栋 180 37 146 42 228 42 228 28 146 28 
B栋 180 81 146 86 228 86 228 72 146 72 
C栋 180 125 146 130 228 130 228 116 146 116 
D栋 180 169 146 174 228 174 228 160 146 160 
H1栋 185 233 156 240 212 240 212 226 156 226 
H2栋 185 272 156 279 212 279 212 265 156 265 
H3栋 185 311 156 318 212 318 212 304 156 304 
L1栋 185 350 156 357 212 357 212 343 156 343 
L2栋 185 389 156 396 212 396 212 382 156 382 
朝鲜冷面 308 -55 308 -56 308 -67 314 -67 314 -56 
珍奶会所 186 -5 185 0 185 -14 202 -14 202 0 
杂粮煎饼 230 -150 227 -147 227 -166 249 -166 249 -147 
盖浇饭 250 -190 242 -186  242 -204  276 -204 276 -186 
麻辣烫 280 -190 276 -186  276 -204  297 -204 297 -186 
三为书屋 250 -210 242 -205 242 -225 302 -225 302 -205 
芝麻山庄 320 -140 314 -122 314 -188 358 -188 358 -122 
菜鸟驿站 370 -90  360 -77 360 -121 398 -121 398 -77 
二号楼 270 -160 264 -156 264 -166 298 -166 298 -156 
三号楼 270 -92 264 -90 264 -100 298 -100 298 -90 
四号楼 270 -70 264 -69 264 -77 298 -77 298 -69 
六号楼 320 -66 315 -64 315 -73 349 -73 349 -64 
七号楼 320 -35 315 -30 315 -46  368 -55  368 -30 
鸟笼篮球场 500 -50 498 -29 498 -114 559 -114 559 -29 
创新楼 575 -50 569 -43 569 -77 607 -77 607 -43 
第一教学楼 390 -230 407 -167 375 -236 438 -280 477 -208 
体育馆 592 -165 614 -201 677 -172 655 -136 592 -165 
新大活 70 99 57 94 57 104 128 104 128 61 
八食堂 70 153 49 133 70 178 118 178 118 133 
G1栋 35 235 31 227 32 243 88 243 88 227 
G2栋 50 275 45 266 46 285 104 285 104 266 
G3栋 60 317 53 307 54 322 109 322 109 307 
G4栋 60 353 54 346 55 360 110 360 110 346 