汇中路: 2 30 2 -152 0 852 0 -152 5 852 5
ab栋篮球场-六食堂: 2 303 158 320 5 280 220 333 5 290 220
EF栋-风味餐厅: 2 320 130 309 127 400 127 308 132 407 132
六食堂-草坪: 2 440 80 400 127 435 5 407 132 450 5
九食堂-ab栋篮球场: 2 251 222 243 220 280 220 243 230 290 230
九食堂-k栋: 2 300 300 245 297 385 297 245 299 385 299
九食堂-F栋: 2 350 230 290 220 385 220 290 230 385 230
九食堂-橄榄球场: 2 408 270 385 230 385 299 390 245 390 299
k栋-橄榄球场: 2 408 320 385 299 385 383 390 299 390 378
橄榄球场后面: 2 450 373 385 383 496 383 390 378 496 378
橄榄球场-草坪: 2 450 242 390 240 496 240 390 245 496 245
橄榄球场-化工实训楼: 2 508 350 496 335 496 378 506 335 506 378
橄榄球场-化工楼: 2 508 270 496 245 496 335 506 245 506 335
草坪-材料: 2 508 200 496 240 496 152 506 240 506 152 
草坪-冶金: 2 508 80 496 152 496 5 506 145 506 5
化工实训楼后面: 2 540 373 506 378 590 378 506 383 590 383
化工楼-化工实训楼: 2 540 338 506 341 598 341 506 344 598 344
化工楼-材料楼: 2 580 243 506 240 618 240 506 245 618 245
材料楼-冶金楼: 2 580 148 506 145 632 145 506 152 618 152
教一-草坪: 2 462 -40 446 0 476 -145 459 0 493 -145 
八食堂-ABCD: 2 133 230 130 5 130 450 135 5 135 450
B栋-C栋: 2 190 112 135 100 237 100 135 105 237 105
D栋-H1栋: 2 170 211 135 210 237 215 135 215 237 220
H3栋-L1栋: 2 190 332 135 332 246 332 135 335 246 335
K1栋-H1栋: 2 240 335 237 220 246 430 242 215 251 430
ABCD右边: 2 230 110 237 5 237 215 242 5 242 215 
活动中心左下路: 2 40 70 49 46 44 112 52 46 47 112
活动中心左中路: 2 35 120 44 112 41 126 50 121 46 126
八食堂左: 2 30 140 41 126 41 212 46 126 48 212
八食堂-新大活: 4 50 110 47 112 127 112 129 113 143 113 50 121 127 117 129 116 143 118
八食堂-G1栋左: 2 -28 220 -28 209 41 212 -28 212 41 219 
八食堂-G1栋右: 2 60 220 48 212 149 213 41 219 149 219
圈外: 2 120 0 120 0 120 -33 126 0 126 -33
圈外: 2 -20 -90 -16 -87 44 -88 -16 -93 44 -94
圈外: 4 170 -167 167 -164 132 -189 126 -196 126 -316 172 -166 132 -196 132 -196 132 -316
图书馆: 6 185 -70 172 -166 187 -168 195 -158 190 -52 184 -41 126 -33 167 -158 187 -162 189 -158 184 -52 184 -52 120 -39
图书馆: 5 120 -50 120 -33 63 -36 54 -41 49 -83 44 -88 120 -39 63 -41 63 -41 54 -83 53 -88
图书馆: 8 80 -60 44 -94 38 -110 44 -121 86 -137 86 -137 110 -164 145 -157 167 -164 53 -88 44 -110 44 -110 86 -131 92 -137 110 -159 145 -152 167 -158 
右: 9 235 -60 230 -59 308 -52 314 -58 314 -170 308 -176 300 -184 229 -184 229 -184 226 -315 230 -65 308 -58 308 -58 308 -170 308 -170 300 -176 229 -178 223 -184 217 -315
左: 2 265 -65 261 -62 261 -178 267 -62 267 -178 
汇理路: 4 -30 -200 0 0 -24 -150 -16 -226 50 -281 34 -293 -31 -225 -30 -129 -17 0
南出口: 2 0 -340 61 -320 33 -375 -11 -360 34 -293
菜鸟驿站到西门: 3 -451 0 -180 0 -451 0 -570 60 -180 5 -451 5 -570 65
菜鸟驿站-J3栋: 5 -575 326 -575 62 -615 181 -575 326 -450 410 -190 386 -571 65 -610 184 -570 323 -446 405 -192 381
菜鸟驿站-门口: 2 -622 -93 -575 62 -644 -152 -567 56 -636 -158
J1J2J3栋左边-大门: 2 -154 0 -175 389 -151 -351 -192 389 -168 -351
J1J2J3栋右边-原点: 2 -17 10 -43 410 -17 5 -38 410 -12 5